; Menu icons with color 5 background (non-zero black for priority)
; 1=font grey (icon lines), 5=black fill

; Bag icon TL
@IconInvTL
55155155
55155155
55111155
55111155
55111155
55111155
55111155
55111155

@IconInvTR
55155155
55155155
55111155
55111155
55111155
55111155
55111155
55111155

@IconInvBL
55111155
55111155
55111155
55111155
55111155
55511555
55555555
55555555

@IconInvBR
55111155
55111155
55111155
55111155
55111155
55511555
55555555
55555555

; Arrow down icon TL (Pickup)
@IconPickTL
55555555
55555555
55551555
55551555
55551555
55551555
55111555
55551555

@IconPickTR
55555555
55555555
55555555
55555555
55555555
55555555
55555555
55555555

@IconPickBL
55555555
55555555
55555555
55511555
55511555
55555555
55555555
55555555

@IconPickBR
55555555
55555555
55555555
55555555
55555555
55555555
55555555
55555555

; Hourglass TL (Wait)
@IconWaitTL
55555555
51111115
55111155
55511555
55511555
55111155
51111115
51111115

@IconWaitTR
55555555
55555555
55555555
55555555
55555555
55555555
55555555
55555555

@IconWaitBL
55555555
55555555
55555555
55555555
55555555
55555555
55555555
55555555

@IconWaitBR
55555555
55555555
55555555
55555555
55555555
55555555
55555555
55555555

; X icon TL (Cancel)
@IconXTL
55555555
11555511
51155115
55111155
55511555
55111155
51155115
11555511

@IconXTR
55555555
55555555
55555555
55555555
55555555
55555555
55555555
55555555

@IconXBL
55555555
55555555
55555555
55555555
55555555
55555555
55555555
55555555

@IconXBR
55555555
55555555
55555555
55555555
55555555
55555555
55555555
55555555
